0.4668462864414694 0.8357242131608467 0.8350326570186444 0.4604864904866005 0.8431929743609548 0.17630570485766234 
0.1599032357447644 0.201428821606776 0.5153610753009753 0.8509570454414686 0.16352998112994976 0.833360287215595 
0.4983157835069886 0.1655496405412264 0.16434543328142753 0.22581720326692045 0.849437061656062 0.8185747352077931 
0.4167902441839202 0.455012924881655 0.3735648827453901 0.16994586309894594 0.42343297027575105 0.41838746700125634 
0.5241329808963098 0.8276431567197966 0.8468752974879782 0.8199213321833565 0.4914640006922305 0.8355812121793555 
0.17107247603216275 0.5147131069272767 0.1296833390345456 0.8341621107377801 0.7638305174126092 0.15086770871124489 
0.8308191765787757 0.16967737176820857 0.8399677024921366 0.14934384489965297 0.5038927093034099 0.5339736230001227 
0.846369529415425 0.8310677218905398 0.5373010581405537 0.4309702574921944 0.5059965105782661 0.524949571853541 
0.1615366576163137 0.8455876933922055 0.8367006941284415 0.4276268103837708 0.5297498374492657 0.1705062162986533 
0.843495035025434 0.49561730297813794 0.4474918469640794 0.5341812661373722 0.8481002867683453 0.8191235024041825 
0.2301882939607054 0.8544255096216212 0.5310486603543209 0.1478569549989912 0.1684685576288939 0.46176736906350513 
0.8449216503733844 0.5019361129152934 0.17524002251676968 0.6333771704811668 0.1946563495238302 0.45648973281047445 
0.16184234048254065 0.1838366964804674 0.8471679674935192 0.49941264794256746 0.5891352289363488 0.1634870607982435 
0.14378418799351095 0.5554573422296553 0.8503975851659565 0.16665922894245822 0.6250115838336641 0.8265485309967964 
0.818104564180097 0.45957958516002984 0.4856807616322744 0.8581653094863807 0.18005624687680888 0.5037009890779979 
0.5263447346619449 0.1865614511122341 0.3586790773963471 0.47959782081068175 0.810644682473735 0.16037466568936315 
0.5411413942221792 0.48157310097405776 0.4199338911572764 0.5174183711720598 0.41951362964930167 0.1595238787147747 
0.539658990047426 0.5262028238961576 0.15705768141553278 0.8609474467508215 0.5082507406739062 0.819112450223763 
0.18975582004670416 0.7879859225926447 0.4553442442978051 0.8612431864556668 0.8503851626986325 0.8103403278632572 
0.7987636392571793 0.5009276701033804 0.8358673632085776 0.4797678785603566 0.8328423138644196 0.15137172132890508 
0.5646217497759316 0.5225741012076724 0.8358293927189038 0.1591934750586737 0.16401145263850325 0.8449981168660926 
0.5485284402587343 0.1803920725358767 0.8456202056914526 0.5485121421973539 0.5752386269995332 0.5770756916164868 
0.8090315316719012 0.8303574287693002 0.15478928546320136 0.843988234433989 0.17734357994570438 0.51094729685961 
0.15307301771615706 0.1652413504832108 0.8268420191152391 0.663463170987441 0.836342177058699 0.8481072521500763 
0.18853247276524104 0.15392564258620628 0.4454128561695726 0.15351732038323984 0.8067098072792305 0.1588018389195222 
0.1745967952812767 0.792847595460308 0.16015305094601623 0.5367843290383075 0.15518928341533894 0.1835427768106882 
0.5114943612455065 0.16474985398176906 0.49936973943580676 0.8588660753214086 0.506364107864404 0.8200249103000763 
0.4710302196716331 0.774008230443484 0.41581329143318113 0.19426062378257708 0.8386910843083308 0.605481293257385 
0.16790878829439232 0.7965485381922068 0.865231588681598 0.8579019000896344 0.3733249941140214 0.8381115889946571 
0.8309584888023623 0.17612557555228475 0.8301740430977247 0.16931034347469337 0.17043303770975848 0.8359575922144454 
0.18583429705613924 0.6048080077315056 0.5052021481211988 0.8224182479781881 0.18167776039129968 0.16802982886437645 
0.835380999398743 0.1784988682866781 0.16353479934920512 0.8479537264209045 0.8238122238029818 0.5033014980138631 
0.5137450990670641 0.8415649465873397 0.14602412303394663 0.30553772028787707 0.8313794201748173 0.1507118538509173 
0.8313227939898638 0.4932166782725951 0.8492471307100993 0.1574580255585908 0.8153724238855339 0.5806177406851114 
0.5366016062480358 0.833132448349913 0.2221343444989049 0.16774186817485032 0.5019733159998643 0.8408523979342909 
0.7785475377804512 0.822956407239219 0.8509754412640147 0.5555226313894374 0.17302597914009954 0.18276919076446513 
0.485026033608625 0.44487155918204396 0.5353735417483323 0.1641704252480432 0.8110181242007788 0.46954692012144955 
0.5146523783685142 0.16944308888740117 0.16737985178259296 0.5778350563822265 0.1611859603361961 0.4733201463128514 
0.8505713125369767 0.508341449856043 0.517473572479063 0.3848926640501692 0.5164315236993708 0.19172410688107833 
0.5092834604046873 0.8259995644889961 0.1430979322627085 0.523290300479222 0.831952189953849 0.5155275327326097 
0.16149976194651683 0.45832090933909236 0.41739908305425705 0.5509048006380001 0.4858476315665167 0.5329110072798053 
0.1583557003216618 0.1559487089117998 0.809988299416226 0.1610612858813807 0.441580293712307 0.17044187600630994 
0.8452402814138342 0.8096046555379515 0.45063570232015887 0.8617589681406173 0.5221185003472842 0.4956864908792836 
0.8374701890825264 0.8385942732077989 0.17084198325368327 0.280047011085194 0.8458001758592533 0.5208582092876769 
0.4475035661486395 0.16360389362502725 0.5455237478620468 0.7933428323687663 0.8592825280389422 0.1733898517145544 
0.17630691975359547 0.47500445860628737 0.15560522555679834 0.8414034935467419 0.1683020885787404 0.18714927599047143 
0.8521585218082941 0.8453449117683226 0.8322032220220186 0.5166918728487362 0.19061879591672848 0.5648368229420216 
0.8011205707550068 0.14488163921597258 0.8137805923793751 0.8470373987722246 0.49679818098813755 0.7927617477037487 
0.8400781574567686 0.1794285620215395 0.17735831541313563 0.1302051319162178 0.17496919961320234 0.19398446530220426 
0.4859214745745727 0.17225008069771558 0.8260525256961206 0.8497573170746773 0.1603095756017867 0.16649150673515556 
0.8364164846488729 0.4908338703775625 0.1636579708351698 0.8558552677601436 0.8290377193006306 0.1793586919636173 
0.1636014339753304 0.17411236520644935 0.5004806319213899 0.40438128780177424 0.1678447316915836 0.8435794250339474 
0.19952407053264615 0.8444432967141806 0.8391594167654506 0.4294155617878849 0.1745469607359963 0.5092285814247648 
0.5074409504392595 0.5012154692834458 0.23867562165599554 0.14777313408297776 0.785101004094625 0.8532988609417977 
0.16558440270324054 0.8284854095730194 0.5304600890190274 0.46554611412861363 0.822055842719423 0.15611514123598108 
0.47421747727146135 0.48461082122131943 0.6301534259433925 0.47452584495041744 0.47032954995224996 0.4758424697286622 
0.5570728877989606 0.49919489516908633 0.18003074340180913 0.16055381382485368 0.15336046227671274 0.8428054367187199 
0.5467868159481996 0.18381279561957353 0.5298196608523028 0.14497920972421763 0.16973156766546293 0.2531043927434845 
0.15766750090294446 0.8230856109957849 0.47949848259152633 0.5632068331386081 0.15771051912573436 0.4993638505352722 
0.16684325443056985 0.841267259040321 0.598715997514065 0.48875297373061216 0.8349789843991194 0.8273261131299121 
0.17623541751444521 0.8240409666315507 0.15631982251400056 0.47944878254249246 0.8250435874493947 0.832305382480951 
0.4239500171570769 0.8043983289609726 0.13351565794974896 0.19862548483153664 0.15465954351875938 0.19395934171457252 
0.49436859736941724 0.15537669030578533 0.5269397046648767 0.38269874292644135 0.18760084559450785 0.5616334719674742 
0.15180468643206774 0.8280187793595079 0.14901796267337925 0.8202167370500673 0.8069089654645262 0.8206126313569833 
0.14608598022758157 0.4745660603723372 0.4829623352883996 0.49356062705616066 0.15745384890064262 0.16934790045551634 
0.19148822476966693 0.16397944113606994 0.8501234212126886 0.4517855162053485 0.8176470220559993 0.5268108196104108 
0.8435681990095251 0.8257626292850329 0.45070536839724773 0.6025779487310815 0.8332105053622632 0.5047487508875772 
0.4719678909159461 0.5278382352938495 0.5026538280656799 0.8538442956702388 0.1730804065355216 0.8271360143189035 
0.8343343337699141 0.8138848177036175 0.8131842304527288 0.14790621436835527 0.20456878336697032 0.14877214744753997 
0.1693003741631655 0.15531822498059622 0.1623918048063019 0.19804037619862092 0.47213875603931665 0.17801853787553062 
0.8412914921991287 0.8337583407037354 0.8223853115882833 0.42954281946254114 0.5075909220390965 0.17679829033478694 
0.8411022075198709 0.4257962296748998 0.820096648147678 0.8363910495653164 0.5209341526844256 0.475195476711605 
0.15145151515611194 0.8082790467562408 0.8178550258713615 0.8367890030472545 0.160735889878462 0.5215827346333183 
0.45940477564742704 0.8478685857055943 0.1747231070197467 0.5517616326236305 0.16720090847474384 0.49855479275069753 
0.8191999233891087 0.16515609095516887 0.49048707416286796 0.85852990892807 0.15729387202348438 0.16444121953299545 
0.4722880741481487 0.817017833789202 0.17828783039926754 0.5996438856757694 0.523281907560645 0.1715848307016946 
0.19198340951742265 0.18311647267693382 0.5008907999350946 0.14350786201444504 0.1786756986903345 0.5910963596778013 
0.5127521769191993 0.8134406091872897 0.3211026836776363 0.4160572296209778 0.5256706563906944 0.48404895676144954 
0.8548079308693819 0.14830537410493355 0.18943593492324617 0.1798699015255506 0.8171677251092944 0.17995469224155047 
0.8316637015522093 0.8269534025900673 0.15926658482354994 0.8466561121761447 0.5023897729589913 0.8264680439294894 
0.8417461908171486 0.16523641205678513 0.17294257474049085 0.1505047565585298 0.4591312693789415 0.5514627626984364 
0.17574184552978395 0.5229414576462657 0.849420404589961 0.17347364809029525 0.8416488863477081 0.47938345835066726 
0.7886671505907304 0.1798530328476201 0.19898114516980292 0.18837736594333482 0.8431559188955149 0.5256406160058757 
0.49026443246064516 0.8422897597800671 0.17035951820078943 0.835314233235962 0.4978955342580095 0.5098495895811134 
0.16343985945233502 0.17568143624033267 0.5170587868335477 0.42402282328098484 0.8191848947483581 0.8102261310666086 
0.5394145510877462 0.4912003325614569 0.4021796477272778 0.5545246571912341 0.8288529700874021 0.48946991066319495 
0.5945904710349281 0.4975695133998232 0.8424938116503707 0.8253232773757345 0.16914630802156227 0.809510923560784 
0.15056720889539205 0.4748679132967223 0.8165658790080841 0.5097595400370706 0.16158909991247833 0.5040818172874831 
0.8363914282186407 0.4995665948466467 0.5182225673144475 0.15685476052112896 0.17739423257689507 0.1808299340156999 
0.15748921790926607 0.40550690057853916 0.5128327293173794 0.19321012238245305 0.5131854303357314 0.17858688012345014 
0.1521329821386928 0.49023311433202255 0.15141190014834793 0.23922843147027906 0.532734484821042 0.48010144959087586 
0.4888049238919809 0.1767315322498207 0.8440632973365447 0.45676663001100387 0.8221321769949872 0.8541756419866264 
0.461768522740013 0.8401329400433093 0.1354348969050777 0.20055836563245655 0.8485083126711018 0.8241643629476765 
0.839951078395913 0.5230040852961015 0.8435814305102529 0.1656184836474563 0.5009671560429252 0.18034142543154258 
0.49142700547811874 0.49904070230871245 0.8521747200398517 0.16553947042246825 0.8317502750625391 0.83939068638358 
0.1488146180005116 0.14920219853959815 0.15521277298619002 0.8471493555127784 0.7785414000324412 0.8048370379733976 
0.17818018627213789 0.15253985663217556 0.8252177795401159 0.8453553958565844 0.47801922667449087 0.8313861422995317 
0.8378126917794492 0.4778316494127091 0.20023888866015466 0.34213694545956874 0.5487852534383982 0.4923888044101351 
0.15873357856623943 0.8347007609760098 0.17187609179234636 0.22981817337462368 0.17546941308377945 0.5257629068354355 
0.18085650156113575 0.18506438073616804 0.8423166764009016 0.1671600352348167 0.8389299565016342 0.19879914083482308 
0.447254832529124 0.4503304591978306 0.8370387905086336 0.5403153135138014 0.1613074049722215 0.15400340380497057 
0.46356434508199423 0.14440454758898014 0.801619222082744 0.8357394541994414 0.8277233272644081 0.8056509035570817 
0.16480122194142616 0.16490844145635486 0.5184066620033698 0.18136837066104644 0.16925445661407085 0.15448011757267888 
0.5447655474634193 0.8469163648092 0.16411898597289026 0.1302555085446001 0.7636249566208226 0.42332825059291146 
0.5136365967033218 0.15947126319855348 0.4170972932802816 0.5713426743301834 0.828758035410438 0.8327874120681515 
0.19586723515294363 0.530296411514231 0.6438197990521297 0.5453593682346539 0.4818305127805338 0.1484942620379175 
0.1795975821971857 0.8365727365203625 0.14592460408994473 0.8271651691289577 0.47189747314387925 0.19343155555012842 
0.8444955780756257 0.5028993453216324 0.8130678979366821 0.8363763899333463 0.8367364026257378 0.7575770995251567 
0.16607044231695056 0.7722577463136212 0.8540397994018503 0.5384182078528024 0.1709432730773049 0.17208841217414506 
0.826273123413878 0.8269623630755778 0.4526088753618719 0.8634613965574154 0.8244168073631444 0.18255365892124198 
0.49537850468671174 0.16186251117200207 0.18345897672312061 0.4354767955301273 0.16203019021926085 0.8418740497085597 
0.4248212276475516 0.18033595766527055 0.15075595004758607 0.7685690216092973 0.49839687584262843 0.8430188195852628 
0.6048313931629732 0.4553926962321342 0.6150610550989419 0.8382374951007556 0.7491951256817982 0.1852738480378292 
0.5024313185989566 0.49444817479554887 0.14113866479001635 0.2016998406461432 0.8250776414732757 0.5139863572067628 
0.18016247198089452 0.19463007929687226 0.18434654145172952 0.8287031277196077 0.1556462536030016 0.4783123755969611 
0.5174522977167422 0.8001079134063599 0.41413914178696853 0.8380162624530075 0.8489159388831145 0.5104933131544928 
0.8381108678439405 0.8115006385559953 0.17416590239105345 0.16251330813667025 0.1753779016439771 0.8258236219003912 
0.8511536471109964 0.5030482599613619 0.1590274136220846 0.2144947987423238 0.8498596032515562 0.7969082808128046 
0.4937231209814524 0.8332906336127919 0.8318031253392156 0.1416583590606813 0.5076271967914107 0.17766895744755729 
0.5056657847462465 0.474585461823533 0.1489726829261161 0.8468243336944333 0.4789209541657556 0.16117226831712866 
0.842160683950484 0.18112858399076154 0.843958129439957 0.47004872185812313 0.21343484929329842 0.514433738762782 
0.5056655462618124 0.5464607279643204 0.8345696359725736 0.5054790013696288 0.4897892854160127 0.8361236493778439 
0.4799720768246038 0.5606619691384256 0.8527616848798047 0.7945498033059615 0.841237395948259 0.8340554393705836 
0.8356520237536459 0.8412053421485787 0.5070775659105586 0.46885764291746135 0.16935790579601406 0.8348987284778382 
0.8294734716853756 0.16712588598335548 0.49488197274665163 0.622664867088991 0.537459106004698 0.8346891614993631 
0.8318994901606116 0.49238021593670195 0.16024877721302516 0.6007024036417734 0.5442055579931321 0.8274411923735927 
0.8326959346059936 0.1689837756441676 0.1637076944827398 0.8542433885068421 0.17387921953075453 0.47763507347469364 
0.555101598049254 0.18239339366273088 0.8372035445964268 0.1585065337601675 0.15334813325506158 0.5655616131569787 
0.49295439707378996 0.42101611574810444 0.1509792054500435 0.20036645649559304 0.5251621716836378 0.1486105667437561 
0.8344335450275604 0.8196417496092114 0.14464031087464374 0.585909003603547 0.8404046646112722 0.8240422121246536 
0.5323421953421127 0.15825252234335369 0.47160843755924464 0.1460512852996994 0.5556490028971146 0.5854307461857957 
0.8359053191786414 0.5197608660805662 0.8339535004090226 0.46724549458093045 0.16340060711780147 0.8422018468775131 
0.19646149620030823 0.8359245626057485 0.5682258136495201 0.16013278101875406 0.4876973910676367 0.8330004126114561 
0.1744011933775983 0.8581303790222403 0.26373180573222177 0.8500298220045613 0.14725119161067723 0.1858507705499169 
0.8497972066571458 0.21635699919356022 0.8367846043314415 0.7888836303883558 0.15311826494792158 0.8404997547797673 
0.8017780216480328 0.17260516122064207 0.8290389500641107 0.8550098532596495 0.16741244377912623 0.47757622358205615 
0.8219869081723488 0.8237261750709107 0.15765219367510108 0.8607751027594349 0.5134311130642932 0.1774499455838604 
0.8353425195576178 0.8505141060692409 0.5728721728304265 0.140826644063615 0.8404097149442427 0.5056689824152537 
0.8060980301499857 0.1671464569961703 0.5046931371644988 0.866216721446335 0.1931915527124074 0.8082089720571782 
0.5271404059870934 0.8264317872861842 0.14777114044297307 0.8371440193622499 0.8243823719458168 0.1831679758728808 
0.4837594760926274 0.1663070562205124 0.4889858664106782 0.5266034076666132 0.15481305820331964 0.16348451161526723 
0.8134027817783505 0.4965383707858741 0.8541506753131332 0.461304816775213 0.8190567915101056 0.8416559803372575 
0.1754086693630525 0.8374534062975341 0.14458188828430169 0.2013072456342231 0.843515749604686 0.5385520664052591 
0.14888673162574917 0.829817180171994 0.5828756945082256 0.8354263895741172 0.8370684829761513 0.4266980361465553 
0.4531323187630114 0.16493071290769534 0.17402165019476884 0.835378698791091 0.15701830838598302 0.15956567820294065 
0.18665202357960603 0.44120306302943424 0.20051470424430745 0.15825280134751896 0.48158860908862555 0.8498724404289917 
0.8269725330266272 0.1513505679062236 0.8209989133510341 0.8204668052856366 0.8047967811463064 0.484281657522598 
0.16412663562108043 0.1802083384826737 0.8226144105457265 0.5187395923124934 0.15742689248692215 0.16829320415519256 
0.5740012069623522 0.8283863257507602 0.8551626692808323 0.8670915356758745 0.7644432572339372 0.17941167464979202 
0.1549034438682177 0.1539845947303326 0.47756041328915166 0.2395375967362534 0.5100472510037655 0.4578909233019028 
0.8254042225728535 0.1691827565640031 0.8430550931055262 0.16303384209201893 0.8432481476096013 0.18121362348815673 
0.8150081843687226 0.17659865326180896 0.8567436620675757 0.4308658051708406 0.8280070595813634 0.45203113803507206 
0.5004677616005704 0.4821078269479641 0.8262250482643461 0.8369590008544476 0.43303189382355356 0.18356957875076213 
0.23738446439869748 0.48803253425195603 0.16321846558759223 0.833156007589211 0.8363208654721823 0.8394220519244744 
0.25036300822135277 0.4846903864284768 0.5373172525267075 0.847194438068811 0.7992309931854771 0.5398694724040102 
0.5367382898122116 0.5266442878284956 0.8404265250098208 0.14948736849748495 0.5316420560802364 0.5027359986115585 
0.5205887915422531 0.18811174646110584 0.8655585183088668 0.15495622688427607 0.6205910497121455 0.1584181094331107 
0.8104732930843372 0.8427000122257438 0.8448167676290614 0.8593200170712827 0.7834672406792409 0.8401511508256101 
0.17715114018060568 0.16813228013740922 0.8232181526101816 0.8451789864881842 0.7757685045933345 0.5169537242090734 
0.8398944483994006 0.49638315976449077 0.1702652495142754 0.14643615996009363 0.17013784230431256 0.5056587270061933 
0.12815741657013524 0.5240908138102595 0.5158685927709902 0.19611133648441964 0.19142250400768523 0.43097047969589797 
0.5032376218983675 0.8158780429761702 0.18073452032133724 0.16525188701513793 0.48645946715666255 0.160174512642283 
0.14656851920074537 0.16257365316508499 0.19426135754137597 0.44412656181127785 0.7771483992938517 0.49957566764372185 
0.15368309178295925 0.8358028380610178 0.16322209879215677 0.5428482539058583 0.15970202196951816 0.841152976152593 
0.828515115201945 0.16331686403697043 0.5432467578549875 0.40175313704860754 0.4799104314424476 0.5048324171427712 
0.852181109789359 0.8364775982619366 0.462235122016662 0.15087044576978326 0.1739975189244532 0.4917264810576739 
0.8312827435844203 0.8221518418237118 0.47778971811154525 0.147269767969684 0.4906463333776864 0.8196411503294314 
0.8291533431197189 0.5057628303785017 0.16407767333577722 0.8477270451858001 0.8362707349677647 0.8168345803605046 
0.15203656134690258 0.495788420697767 0.509929505389204 0.8371992821378826 0.1742840065206233 0.5205930603027261 
0.4594916987011568 0.49199170140199205 0.3674942430676294 0.53891285549409 0.5001306876857167 0.8436055451013391 
0.5072009171030778 0.49942462559166373 0.5952160599714154 0.462889860188076 0.8242518608492904 0.8227832261356587 
0.480500565497956 0.16137554141135546 0.1476231639371549 0.5422397003175516 0.48351531677682574 0.18102761547176321 
0.16373981645212843 0.5275760504551759 0.5760986107937922 0.15693312871044085 0.8383015159428284 0.1644447322482379 
0.21142242168430214 0.15491225307877193 0.8312654166210011 0.16273275934418885 0.1814994925242457 0.835383471481238 
0.17725515511732426 0.8216502440901282 0.1483497370203115 0.5158995785675158 0.8150316647601441 0.19250431037541532 
0.1854573473895913 0.8438501802270366 0.8448611043962887 0.1720928975004022 0.19866871048982515 0.8336136094161968 
0.4839715942684116 0.8280832866010257 0.8318301076487363 0.16270693527753494 0.17965860764221747 0.599780628980895 
0.1479342724074636 0.8237046423209728 0.7874507338780831 0.5683138918100349 0.16613872052183842 0.8410154842013368 
0.4866899729215191 0.5285512160799791 0.8469305818597754 0.17095009500060204 0.8423027039119586 0.16461515831570667 
0.5174049659693529 0.8472765645835226 0.6058837100600987 0.8155458427964282 0.5302416403928025 0.44291151120953265 
0.5194647490544785 0.18072246054794833 0.17903125271964587 0.15074459029554793 0.16395157450972464 0.5628748617153397 
0.5160279775995694 0.8324328817048574 0.42469719173622267 0.5566340879622985 0.8371930842030293 0.18532865637080748 
0.818630221453615 0.816507909562153 0.15559914986570933 0.591246332037272 0.5205316467345544 0.49938505279812223 
0.5172231964770313 0.456881144967827 0.4873119482692096 0.8436171709168705 0.15563904268810747 0.17868580918563526 
0.846623590893877 0.545049252172989 0.5316769239383373 0.4444956050050906 0.16381073429081228 0.5321691803495009 
0.17848393622922692 0.5426745498061438 0.8426790528711814 0.15371410927523865 0.5268452432123883 0.19024577202588105 
0.808378183088524 0.43050479447352785 0.4645855257544359 0.1486730847297239 0.83360304869992 0.145219467242866 
0.14999073043482392 0.5095774159505726 0.2612143030268152 0.17015544326658466 0.8630979905592898 0.43750783985347075 
0.8458927347244153 0.4799774237611222 0.83938433252911 0.15779740718084323 0.1768132824171476 0.529631823231504 
0.5147820532824652 0.1710049952596686 0.49576874418448996 0.8497936187897122 0.4593203040413395 0.16783462378558994 
0.1590594571787271 0.5788051543287993 0.16344528919445667 0.14343999182496597 0.6034031253653612 0.14733637282940854 
0.5279573860965809 0.1785037605579125 0.5209178681411938 0.1519895246085191 0.16711286619940585 0.8482246729912373 
0.17591259057020986 0.4617562497725018 0.16868728345489975 0.1906668510961026 0.1912148843681986 0.15668907535499055 
0.8096952246212352 0.8553686074661746 0.8307990137170278 0.16331148506069415 0.8162868278931235 0.16080206000584457 
0.15648441115811318 0.4357743638279007 0.29443210189895136 0.868318645535618 0.5036948142577867 0.8272892779772731 
0.17769003365624636 0.16121091730186615 0.515609665452094 0.852236825126962 0.4638044567677708 0.5187379482395957 
0.5222705990980404 0.8423403052827079 0.6166879841434626 0.832474719511818 0.8101479808546583 0.8378227611729843 
0.504195700874661 0.8226936874499655 0.5219495929872054 0.1446167387683135 0.8365143657350416 0.17473123765556142 
0.842127434892748 0.16632432591789292 0.49148250578025027 0.34622645630964166 0.1664398338049729 0.16321295182479223 
0.19807817885081164 0.8187280135808267 0.833713985131314 0.8591190942909179 0.49149822273283755 0.17341023736705075 
0.842025402072901 0.15343791150724717 0.15615612706342163 0.6136808831875975 0.8260859309141158 0.16481189493638593 
0.16802681067360492 0.8529480646821426 0.5865615954316085 0.8028534011332864 0.5441782016281602 0.822366455620533 
0.8369882472830249 0.8406123406617652 0.8483083197098973 0.7972182980032965 0.49648897119961893 0.5246309453706927 
0.16951643969349345 0.8276042075576604 0.1564405328217699 0.18699714126858202 0.5093561551276 0.8252883926396569 
0.8295517116158084 0.17082230895629674 0.14724472833659202 0.35842947012890547 0.47459871936817016 0.16635350267738108 
0.4498193452928965 0.15716115591541763 0.8246179447801363 0.8536312161618068 0.17708333603415038 0.8140876456843804 
0.16606020874015592 0.836004665664674 0.8339044641428847 0.1535003827521177 0.4914565522203846 0.5085812259389835 
0.266423646578536 0.5406984575351144 0.850029496173953 0.15981032063745465 0.1755317272643369 0.4751177862246271 
0.8446309254931063 0.5175561516310799 0.17430904862397573 0.14606128416624126 0.4630816844432303 0.16555555406491557 
0.830293563926662 0.8362349075785824 0.1520514080174779 0.5869814785856844 0.832579799005351 0.17648407613636508 
0.17769001647952465 0.42952082927836976 0.4113808548486799 0.83687641825989 0.4941692256746375 0.22310495509311384 
0.48294931174409705 0.175130410749049 0.8372907843642052 0.4728266937346759 0.8431800890591495 0.18874106939580404 
0.8192126301455132 0.16578279883634472 0.8401483670585663 0.15304240666843 0.8103041786399694 0.8332189606164637 
0.49264891909661684 0.154221711909792 0.8553419298141904 0.8477531209404667 0.7099316561299991 0.18100504244721344 
0.15572118729019524 0.56059869485139 0.8558660670233812 0.8150241296372703 0.8454229943704994 0.4277266257326883 
0.521163013957398 0.13826692690301756 0.8384680470196069 0.1644422034290408 0.5120798699796418 0.8372223127209523 
0.867085914711273 0.8407580899395006 0.7284223329638841 0.8503091659386062 0.15016233924805694 0.2018515715744793 
0.4932476959197408 0.17888043481312366 0.17721785102045667 0.8707746484855402 0.15858259154999094 0.7856484555178788 
0.8292729884529081 0.833912918947844 0.19234949299506232 0.14453623298226415 0.7859790389512455 0.8397128217534924 
0.48370736152524957 0.831345078436605 0.1607286501456618 0.8373496372203795 0.17021735239796432 0.8234739021840694 
0.48815494926957326 0.8325595877061663 0.8626871421105242 0.48362076904916657 0.8287754532119327 0.8345479199611412 
0.45218258639968995 0.5319938196989771 0.23638456759463689 0.1501663272505967 0.8584837241755343 0.1601132613456252 
0.8209450422639732 0.16705971936516273 0.8317008813860118 0.7536025253605293 0.8437330397860008 0.14537882380737077 
0.19792137179033759 0.17362979725693056 0.4983459916303274 0.8506996170643413 0.8192176983739057 0.8366564727204788 
0.5655878872717678 0.8254053742752742 0.5277069853500469 0.15700942962007464 0.1639199826818064 0.8448257039383484 
0.5303148706195188 0.8329685261752786 0.6001070411983517 0.15916329932204304 0.817878743251781 0.8582238417763789 
0.536628409362047 0.4596390880462066 0.47893876946187397 0.8410550125731406 0.8351517170616123 0.8288176705135698 
0.15464728393871496 0.18152622917650096 0.5613129890344517 0.15445829701418973 0.8462493926007213 0.5211455639545601 
0.8279980361846886 0.15419787360988046 0.17157945331148888 0.7176161284896745 0.16438721263817746 0.8290257956631291 
0.17220998723039754 0.828425246654352 0.1426033093760249 0.5236528653452747 0.4921984330890784 0.5151723087495449 
0.4975005600425355 0.828356092154934 0.8378551963768524 0.16444926789738656 0.8296745114153121 0.5043799909896474 
0.3955803140879395 0.1515092556840285 0.17067429578361792 0.8237764988739457 0.8312358977943168 0.5251675443281467 
0.17659511781950793 0.16071300851598092 0.1526129447830918 0.13025824058071134 0.5010985080096343 0.5952673510322769 
0.16925956779745155 0.8288414210959775 0.20616419992824686 0.37897614616959363 0.47812071593997213 0.16305569261581176 
0.8327113325493491 0.16466313273216648 0.5629976758592041 0.4414336125696071 0.8329013011669131 0.1690656547371575 
0.8330092964615716 0.18643580438683371 0.5148326991131089 0.15959082392904994 0.46832781385619 0.8376582873822443 
0.8059294301408578 0.8368982557543339 0.5359067304316616 0.7912752134086286 0.1620721850300163 0.5283897732409589 
0.8177290618335686 0.7980690342357031 0.7984554040503773 0.8427763878029976 0.8478610634282859 0.47363899743061016 
0.4735746365988854 0.7309907228199473 0.4547772177947561 0.8453783271461384 0.5232789597935172 0.15228623734758584 
0.5928047523643569 0.4615828252907369 0.5158044370708829 0.4955526146224147 0.16753973913700193 0.8203937471514134 
0.7900220450895449 0.15640845437168466 0.16651815179761859 0.5911194668599802 0.16428877250561463 0.15381248541749498 
0.8290226249333137 0.1749949197227823 0.4658806154922069 0.5936170758518347 0.4957081598946848 0.15677119419333957 
0.18486204686433222 0.5272124100119985 0.17873179552226937 0.84097329418654 0.14882696681354562 0.8165904464479918 
0.8211343388988928 0.4816037407000798 0.166061503026049 0.397396856917633 0.8230747520641148 0.15831841526590879 
0.5278779717452899 0.8529358614479761 0.8570251221283136 0.7973277165014379 0.1934012630635074 0.4902745099125637 
0.8457037449227616 0.47912716749485607 0.8287621110966167 0.41179667365135375 0.17155507520514224 0.1948003551829861 
0.43281379054897823 0.5032171701492218 0.46414758078081264 0.543184712651965 0.15385461470429995 0.4604172248990551 
0.15729896301752738 0.5814663407538418 0.5095678081362813 0.15838784603249167 0.5499095042431412 0.5760178828110867 
0.170202851349588 0.1654269783459147 0.8176702173060449 0.8395077875663536 0.1551487997331371 0.5101226922567292 
0.839209485679868 0.17525243528164935 0.8143409433605565 0.8512784992171025 0.45598330690073413 0.18460644665489967 
0.16502210001128859 0.17431595585445564 0.5142947313624111 0.8310185778809996 0.14990746495213053 0.17765736164631507 
0.4792032072033659 0.16817076614342336 0.49301361909890795 0.8550278026645916 0.1680676735651047 0.4873196503313454 
0.15940868401123603 0.8224322925892333 0.15975492174527073 0.8324773224945223 0.16523874140540779 0.5509952946235204 
0.5490165577177349 0.8340670300664599 0.4894622091372374 0.15027724243021762 0.17767927113516035 0.18210855545087262 
0.14103027891896974 0.63654508792369 0.16523809043989168 0.16379891270885394 0.17225866600962142 0.8464997810374162 
0.198184582436237 0.16222705719253744 0.18303445254913653 0.1543194430459699 0.1615310756582743 0.8415579243728614 
0.8152520605741342 0.19114402937662656 0.8323900329649583 0.8148014698308288 0.8333419431092611 0.8564825025031472 
0.16132315179223378 0.5028411048067399 0.8405679605611514 0.4642575748104228 0.8358349039210606 0.16391157256952016 
0.36808363255568544 0.4077403201728441 0.7900748028321243 0.15457535445430426 0.44636987764618563 0.8268506184552364 
0.1489680884368837 0.16290729637959273 0.2215464955954929 0.14945006084998758 0.8133314159820324 0.8354995880699325 
0.16722602937922815 0.17265814613865316 0.17252204267013266 0.5160565417097499 0.16027077547172042 0.1631012511069666 
0.17396996881392124 0.493317716114413 0.8405062884659099 0.46605460578915503 0.8430399238078348 0.8127867670555855 
0.20151514388388114 0.4873839516096375 0.5397935794868188 0.15686866554187995 0.8432715582209959 0.8223476203664588 
0.8306597508834133 0.16013841492591824 0.7571169750931457 0.5083377514734632 0.8406127036409128 0.7786504799900165 
0.6202625948079967 0.8395652013713217 0.19702655562156868 0.5005308032204259 0.1825228138687029 0.1557996050839936 
0.1780663945557609 0.8266806178264263 0.5319683159816446 0.15356060609200461 0.4971473550878721 0.17173967681617447 
0.22123512348271862 0.45791908030229217 0.162850480894772 0.16528955221210345 0.15293319009644274 0.5349455911885437 
0.16093270868529502 0.5277717711492176 0.17104955362069824 0.518804339177171 0.16089755543698836 0.48040339928386755 
0.15117941645092403 0.5057538501082631 0.5708952654435914 0.415809503246461 0.5067784272230583 0.8451818264752435 
0.1641949613054744 0.1577163761468549 0.1562469055433694 0.779698475826251 0.5437138060620301 0.49625392960378134 
0.8344863879220693 0.8327369369505968 0.4965607693092201 0.14615096631071745 0.4946620197235095 0.1755173833269137 
0.44903273022245316 0.15332722011986133 0.8413053305151318 0.21397565712972255 0.18194344519606254 0.1542607645950687 
0.15998243252960187 0.8001992291452139 0.41670871132760784 0.8366031262901537 0.49741811949927905 0.5075487888040237 
0.15732393714099496 0.4570302889679914 0.827774210291079 0.20866963853977288 0.16764008966091598 0.14862908743235692 
0.8415527485766632 0.5127490662117578 0.47648113355712485 0.8584460202463534 0.47108464634354186 0.15750367903010576 
0.847803122824746 0.17734406696442584 0.5197025772443966 0.4560640436480803 0.16048627100993257 0.835927936909167 
0.8468142876717383 0.18308940593800827 0.8418863480263825 0.48266054206174686 0.47871355146924516 0.83915323950209 
0.8122435910181544 0.8442484152005123 0.3570451500831268 0.8440905399637337 0.15675487763147983 0.8438579082068758 
0.5266098825079139 0.8288810893474782 0.15539768015210786 0.8427918689902598 0.8085927100458405 0.8348039144678612 
0.5073733277341915 0.8190038579372353 0.38594445707168906 0.5417882052298646 0.8365347270074066 0.8446609550548505 
0.4908571681717779 0.20321845740460615 0.17387544481711714 0.4380911711317053 0.5452344517118489 0.6687737728290436 
0.8352680034439911 0.48559574738762074 0.14282695085392888 0.5483643778034699 0.8460738769868954 0.5017015243201193 
0.518531264677426 0.3482308531718804 0.8439088011802052 0.8053721659633262 0.8567246473449711 0.49092067883105983 
0.8164762259324128 0.1527584951379925 0.822874546155888 0.6059095970192023 0.16346676710268038 0.14736740000803844 
0.8412147759603661 0.8483449614355504 0.543205061458823 0.7674326384624143 0.49886231644352763 0.8307904834837865 
0.5487864735628653 0.5554999531927318 0.5358484514936155 0.14065875126123906 0.5419067167053784 0.15820909022926288 
0.8285427485260044 0.17035853084955688 0.7283438183301671 0.16057423446841668 0.4719333764528577 0.16045396480974067 
0.504150080498414 0.7876014079205647 0.8433981734062189 0.83762306794861 0.1671845654114365 0.1506233602954557 
0.8470726992333317 0.5073100299324689 0.5076457933806495 0.1553060293307979 0.1721005400790479 0.8270482421432449 
0.14916506918695105 0.47643710847870474 0.29379647394918773 0.46394233064709184 0.8264284950016716 0.16777448655531557 
0.4721256116619518 0.5025114510232768 0.1505924797254602 0.5629498218203566 0.5087812345114534 0.46091994060287356 
0.17560216347288116 0.47454296987967926 0.16237127276310576 0.5379532375544812 0.47016868676977175 0.17402235830622226 
0.5898078093920783 0.8490243624475198 0.46479656748280174 0.8421469217537603 0.19756052033784338 0.17376582740234264 
0.8329957111206008 0.8239435793098986 0.5124950130897117 0.3735389837969668 0.8287360599711308 0.16613973091711542 
0.8638170770948954 0.8149334366864951 0.22509040446482137 0.8011931980535882 0.15850341791462264 0.16448922399214522 
0.14723248339458733 0.4644244484822501 0.8241032738296951 0.8490886241953555 0.7979409266457983 0.8272381136035898 
0.21656873035283342 0.49918506625421827 0.6364316111397242 0.8097346101777689 0.5148818049380992 0.8459190533821752 
0.16145434082043636 0.45815880962484656 0.8254882260486751 0.833704445592677 0.5831695549496176 0.16441573141668991 
0.211571891683625 0.8483506041524655 0.20759328566795238 0.13596093087663597 0.5082697831562029 0.4302675914900647 
0.16388206177314008 0.15791064435897845 0.8337360018092034 0.5677162096551573 0.1487974963914349 0.8236862448079189 
0.442044261053798 0.8426143454068422 0.7636561437301448 0.8333840228249092 0.1382676670022392 0.829138703491751 
0.16973922028209493 0.1465193022353547 0.8414738972036037 0.8292367518642811 0.38020776840252823 0.193004790306952 
0.8393873364787406 0.17344758343045363 0.43439790699323794 0.544830826824218 0.838747831202469 0.4862424149135167 
0.8216608248130397 0.817409049791251 0.8627042882422964 0.4564677455346279 0.8269879603014312 0.47908727307576193 
0.22525197632092686 0.4895131170547479 0.48979016672734327 0.15666847402696388 0.18609457108486072 0.822875598267213 
0.8500354852101022 0.5257556686284726 0.7915581318413965 0.15415567748022374 0.8436867488439158 0.22723722293000248 
0.8318224080794108 0.17737205748412743 0.18240968112214695 0.8572359400776082 0.5149914838787797 0.8189454390128345 
0.8240707309367025 0.4827269057004252 0.4995439720548873 0.8605925107205191 0.8319566112176962 0.49301802614994567 
0.46539643880194115 0.5081338021138039 0.562996582831987 0.45760555732167124 0.8158177080793823 0.16471301424598145 
0.4987025917425836 0.846417734108485 0.5477455535791498 0.40976231794894286 0.5111847499458445 0.16279211373449803 
0.8122005741258235 0.5035228166423313 0.15969130015916622 0.6126538726029422 0.4951409616617197 0.17328864658009374 
0.16887562858268867 0.16914823323114214 0.5378984292002205 0.1594532220394433 0.4942079728998835 0.8375234962237155 
0.8456100024888523 0.16472216617349233 0.45490434819583725 0.8447600908017372 0.8341480976025331 0.8082032207089495 
0.8184423775622816 0.45181631984774234 0.8434310934397351 0.16879395784722928 0.4872915492540977 0.8447029585371488 
0.5577965029048925 0.17070227797933235 0.15168070381829168 0.48896057549210015 0.8520043434485403 0.46338419571795825 
0.15042589705837173 0.14766216725676562 0.1560078812094875 0.809457691759065 0.23109283757548205 0.8315325569644634 
0.8329009218501896 0.17469519754000346 0.8463585440139986 0.1717467458593555 0.1537072066233388 0.21117001432953053 
0.20386392939036607 0.5309075268256352 0.15165291306138684 0.5194412081106671 0.8286206591817669 0.5433988185507811 
0.15267195463780286 0.23266478155400377 0.13554121823979393 0.16274619181299332 0.8395352677287284 0.17478397686134473 
0.1578210538723558 0.8323237137591196 0.8072392483630766 0.14342418537620627 0.18509483013187716 0.19281843722580755 
0.8288188879809081 0.8225811188898843 0.8050196491866448 0.8692879410145324 0.49103516814604065 0.16717713341426316 
0.15690035834888633 0.8403526411548358 0.831891683245874 0.7745680181826025 0.8383513472879973 0.16300272915924902 
0.15740884648746012 0.5247947245255871 0.14357258241738347 0.5410125044491267 0.5286127250540558 0.8299497755937767 
0.3719403486328048 0.518917657303778 0.5035272665580254 0.2029993396035713 0.16810119356381664 0.14890998427824625 
0.5181162762879326 0.8347475962139747 0.5623881516966269 0.46767037511250753 0.5144398079069243 0.8264770832786391 
0.8500647131429815 0.4736302261986457 0.1917767799770178 0.4355165934067644 0.17682161020620651 0.8275232847165364 
0.1675356708101518 0.15289187727639464 0.1694599530712788 0.4263806506872219 0.48794797275925433 0.8428269145765508 
0.4711936008137098 0.8385661518369327 0.8482995665147377 0.2685206324056367 0.15275490411680415 0.18850290213411686 
0.16073273114618053 0.8366108317543219 0.8522995199487332 0.47991268508918106 0.8317778453350915 0.4934771387715033 
0.5014684574801662 0.525411823234851 0.1727659252959864 0.8504238252491274 0.170482058155436 0.48837277865976486 
0.5229723188992166 0.14768825128361068 0.15729773736391356 0.1958808784294529 0.5012606027442774 0.37697917500283173 
0.5202020594009424 0.8207184964125865 0.544843066875478 0.1465665130014746 0.48551656769833484 0.4932331275939035 
0.8561888776320421 0.8354426978331168 0.19435861949227695 0.4317581402143731 0.16616482510850517 0.47237157814143654 
0.5058973628180808 0.37094907730156723 0.8344779108964666 0.8177457846529625 0.5273576753199726 0.850539266791832 
0.19178675846255905 0.856641664183964 0.5025503210895415 0.4166912306556586 0.19797049977392933 0.16246450595993744 
0.1626374440732422 0.4673698746713642 0.8117779301710115 0.8204942856672706 0.4531289675664458 0.5260020344990709 
0.5148915541471828 0.829954123973438 0.8273994612269575 0.4798311327421078 0.1707611333088938 0.8387091244855467 
0.8526634639264317 0.521138239131399 0.1716411020567707 0.40023112200983585 0.1564991106077469 0.1554972636836815 
0.16564497871600764 0.16527036905037085 0.5763667342807766 0.4809193997832119 0.8378016492335363 0.1830812182945014 
0.8344423690741203 0.8232565810692137 0.8105833740046471 0.18929358001486019 0.1473994270710463 0.8470003929024579 
0.8116387840697091 0.15613033230186235 0.17545026865390334 0.4378202307475718 0.45027840485627924 0.8443756178381656 
0.8176839218965786 0.481498762488565 0.5023991905640088 0.8474714369462815 0.5478646467243841 0.8391301587690791 
0.5619134942395198 0.8538298567587426 0.5735565380626665 0.4481292523276873 0.20193486936713495 0.47871302775273233 
0.16958217051663477 0.15865472324841196 0.4558242670374695 0.5141948506918352 0.4550649941859121 0.17185282731432422 
0.43354449671241235 0.4935460919118281 0.796846288375628 0.8364031040963191 0.1668535018577635 0.47204257378339104 
0.8404959009306795 0.5853989056690025 0.8406811015409104 0.8122968674907725 0.16241190377603987 0.5091648394142472 
0.8369216980758772 0.5069181946716369 0.5110111324735687 0.6393643178767843 0.15335429706435277 0.18510409907255898 
0.17260305999610587 0.1533536433542672 0.7950241651026542 0.5320511983029247 0.42678000696461527 0.5137755207657685 
0.406404528880264 0.5573430336384266 0.1466494182529257 0.4464252829739407 0.24820238613208262 0.8110051051914176 
0.5221001852049365 0.1581440002921381 0.7767033433140104 0.5419957843649961 0.44743994739507986 0.16711024505619115 
0.16042715353620218 0.8453355502777065 0.46757267434998645 0.2170267412210335 0.15866531465536643 0.8190001218633427 
0.4906915072981226 0.16708547492652687 0.5718744783713426 0.43634890638984536 0.49246017280726606 0.8473102185544894 
0.17481631423979738 0.16180482042893762 0.19961054239281173 0.8513795557373207 0.8326306222877724 0.18085495020920067 
0.5539950122344675 0.16650121645808919 0.5244253710390665 0.8451041963740957 0.8253677143408624 0.5105978503633455 
0.8313511441448751 0.8176374757076291 0.8215696072476876 0.15116879658500715 0.4657594063773528 0.8037433608203965 
0.5501059180794304 0.8342587650707859 0.18415327953819904 0.1555890852823581 0.18189281891099823 0.5238600615537785 
0.15929696257948128 0.4763442176359412 0.8398658363714202 0.8254103158556532 0.17236663682366216 0.18976223164161016 
0.8509219851636867 0.5446929739467663 0.5553600944680007 0.7919737922453277 0.16809494730603974 0.8412103269341397 
0.13422398728330281 0.8186064440943873 0.24435701216653577 0.14824492479837453 0.1808084626790291 0.1578021269159836 
0.8276262989673486 0.4969958564872239 0.17450669186858603 0.16334416502293125 0.49102599709884737 0.8386848470736246 
0.8243709028546864 0.5674689736569736 0.43568671292325467 0.20976325579613447 0.8299193843351758 0.46457696957860767 
0.8313059277038536 0.5132395173989932 0.847689573734417 0.46221834503085324 0.49617417958496873 0.5455004542271764 
0.5113445209008726 0.48691681848264956 0.8491573263912056 0.4028619558400086 0.5030118965106123 0.18109012539581765 
0.16483046144639535 0.8380429306002295 0.2617671304193403 0.8386310398919794 0.8427925103006013 0.14398184023176802 
0.8432702817698492 0.17184831987723403 0.4702708793895871 0.8533138582226624 0.8085411681245291 0.18674029460039054 
0.8376644510055302 0.17208906158014725 0.5750786756359484 0.14952444039299284 0.8241761266985252 0.4908058819273946 
0.8212633819463144 0.4905142421481211 0.5487783086270407 0.1436757520498969 0.809895484405122 0.8352726370168397 
0.8340058957256566 0.5197322109525282 0.46434360465221625 0.6329849260264409 0.8298662945379504 0.15973203404623265 
0.34463883616037183 0.4685699520736548 0.8323704518095276 0.4944419378437991 0.18119307573642662 0.8079946565269052 
0.1527278409276503 0.511827308531291 0.4350304007488101 0.6016505067024108 0.8369719527956914 0.8324623052384226 
0.1597413784476322 0.45832194409785165 0.6021909514690472 0.4916094763808375 0.8251927935654351 0.4925024338638634 
0.84675922992225 0.801828571717495 0.4237640388245776 0.855924874793637 0.8460867443268798 0.8061434081400278 
0.17621918376722495 0.17646506355878494 0.8382814052979656 0.1604320817591442 0.8083413152132581 0.8331441089959202 
0.5086552613223486 0.8315286863926883 0.6260248575745951 0.5016669107605937 0.8245319980294723 0.5191036562936281 
0.16551494767932617 0.18313581273321317 0.8421082955889252 0.7954273664441973 0.8708314435391623 0.17436276556073843 
0.4652911939505612 0.16129897040702573 0.7989133837650634 0.2085269343845521 0.47466320674637236 0.43560701280584596 
0.8195401510380538 0.49501192162112617 0.12836890026180892 0.11817751015938688 0.8266208949492618 0.3154337402578724 
0.8360918414369767 0.1636464977125005 0.5122396233013284 0.8396997855507864 0.4927509857423033 0.49142794464085565 
0.15852731997405456 0.14606870298444874 0.5451609690156343 0.8417867536735621 0.6650023658556588 0.16126411953893943 
0.4687340202641483 0.1571704477012149 0.8419943422568981 0.5621319856362551 0.15218165993338945 0.45042783623790167 
0.5012404836269814 0.8384999089889371 0.8553851549892761 0.47018962098004136 0.4873986747417133 0.5186893692566205 
0.8362644458055831 0.8309691023041121 0.18526313654238824 0.1503584016782173 0.1762256166938318 0.17700880533384405 
0.8375741175543892 0.16734931008655057 0.1607406595998382 0.5885049589384777 0.5272919113849869 0.4941079323772504 
0.8343162592096707 0.18360748378373248 0.18532142048328853 0.1632825233285793 0.15710759756897053 0.8256320934368306 
0.5049558161537752 0.8049167565463752 0.13860475777326048 0.8490996589811539 0.18128691948994813 0.1925213749528279 
0.49710540982231183 0.4858935458770308 0.4610038528316536 0.8510673985285163 0.47848709395704864 0.5351339482158329 
0.14826428514551937 0.34010307595621414 0.18164600997532432 0.48060925245886654 0.14888615070511135 0.8425130246199334 
0.18461821079689272 0.8437107186574911 0.834504504116881 0.1681712967515515 0.8302984537946563 0.17520258637195907 
0.17038198640489471 0.8401514928859841 0.23250774973174498 0.15090757378367314 0.8312090672286923 0.15777353566928803 
0.1606545615739154 0.16307554819026904 0.46996717987602354 0.6370093706212276 0.4967939978505082 0.832673302449095 
0.14145016659847431 0.4266777794481795 0.18422346411289764 0.8321696858698644 0.8416746268069653 0.46888734465215 
0.15112578723708553 0.16187661782754031 0.5109729458529882 0.5308827197820735 0.15145414184612555 0.4851216604121676 
0.16237734297438172 0.8424504425317527 0.3844889450350744 0.16238421521178703 0.8242657022006956 0.8396403767086922 
0.5434251920319967 0.18437905679144584 0.17844320441793787 0.8552185275424387 0.47179813364199275 0.47179887944386756 
0.501645078126287 0.8326702995626369 0.8480350225495408 0.6289673347792355 0.46882935681334753 0.1673486032835505 
0.17599148888635774 0.5285125209686748 0.13531399565159719 0.8382308122737125 0.44004951577249174 0.4956954544484135 
0.5679893331375887 0.4707669187298075 0.16625314412095837 0.7074965054073264 0.16615919119803763 0.8443084446220226 
0.5373124094993487 0.1630989385152397 0.5796460161232778 0.15776827255108739 0.8503729247827241 0.18325833154474297 
0.43105321773837246 0.8304587065537414 0.5711552840412455 0.8430762540356964 0.8366800360607226 0.14660775237803758 
0.5112288500093268 0.5644258797010001 0.12911084760607422 0.15917982198320713 0.46805643887464 0.5870562708773609 
0.45256343575467084 0.15800952440863014 0.5476559382431845 0.4342755382884438 0.8440175616579774 0.5015229836818647 
0.5957804639057197 0.5125667214226917 0.15880641771215487 0.40169742542155396 0.17094600454203518 0.4883462924613028 
0.1703645192464044 0.16829772066051335 0.838587299709683 0.19483057573065865 0.1524151275053951 0.4270660915022844 
0.16855375570174363 0.1588066958491286 0.1659298227822924 0.830420714354138 0.42617676664204557 0.1564559639758608 
0.49399395434837146 0.18227703315264726 0.8163112516009658 0.8496408686859878 0.4567413534041343 0.4962359908489355 
0.8075525144808683 0.4725915800837773 0.8294383318458513 0.8481821951572631 0.15952871332868862 0.15376769962179987 
0.5353879418200647 0.4969899283415946 0.1461512301728028 0.5014615086123629 0.8182474388111394 0.8397809247372089 
0.8434657745442422 0.17996262144924996 0.15604528197328638 0.538563319479815 0.835936793797118 0.8223368169117014 
0.5136875495118673 0.60061319837834 0.8310913872009295 0.8121096207689887 0.561600005633245 0.5439639398790298 
0.4433128757470547 0.839014004895208 0.8350377199076302 0.8209005733218819 0.8464868622310135 0.5252900094655029 
0.8398951453345751 0.1662441987177518 0.17273391134517158 0.393967000565374 0.16876434907002968 0.5029435292802199 
0.17322168167553742 0.21831095819322577 0.8524226975992248 0.4522601073503564 0.49184085292833746 0.8387089808719298 
0.5174099444772581 0.18803956302931013 0.1856510336032931 0.15833192075065905 0.46520964729024783 0.857512662951786 
0.8300616620310742 0.8205429533092401 0.20301313696239998 0.4206759045326474 0.4889256989273699 0.8259961325205307 
0.1549278745170672 0.16203656003476008 0.4615339819134415 0.7448548508685894 0.846756584450079 0.476329597197367 
0.17724562422958323 0.8473976672186811 0.8333943623503839 0.7966268205751764 0.5311855027555661 0.5068581765794681 
0.18149226396881224 0.8192418629982803 0.16458164467151015 0.8314097543964223 0.4415871216019893 0.8373851663939182 
0.8328525138864334 0.1669722217008 0.16400302763405644 0.14895236616831942 0.7473031027620252 0.8486256885964829 
0.5484285608215728 0.16511742863585294 0.16278196331905492 0.8320129602422428 0.7972939771555094 0.16853616430384644 
0.5223770581948336 0.5190573649255265 0.15182356189350066 0.8410341030561499 0.816578330288219 0.5111879589229056 
0.16788032492679 0.814836649527716 0.5769475254806236 0.45665137362041475 0.49646650818410415 0.47665719657848427 
0.8032473028128744 0.497833356508983 0.4625853123157638 0.6125674106277855 0.5108396461946757 0.5313338799600862 
0.475379235045057 0.46661132813242656 0.3279996372017434 0.8353462289591105 0.8332779862080524 0.18379849124823439 
0.8071200254757888 0.4306550770767447 0.16062760756141603 0.8599320471615912 0.16680402588009924 0.16876179063007096 
0.1610179961245352 0.4754584760016899 0.8385018349142658 0.8254377750964816 0.1725559044178826 0.8367826782764283 
0.5806411146071676 0.5479443977841193 0.8476186032491313 0.4779070824458642 0.15470353994617253 0.4810825051290689 
0.5377633796717027 0.5360936415304837 0.5308421664565789 0.16166575673574735 0.15389427964612118 0.549057499925809 
0.818307632461974 0.17633873144873607 0.393804545419906 0.13344033929048577 0.5173570239620529 0.19091037972467506 
0.8497383288501499 0.541097232760706 0.8485920965219411 0.8122592235638946 0.46532618751935306 0.8353910661339512 
0.5790722031571025 0.474203438427526 0.19096827394391397 0.14898587475334413 0.16103672698102645 0.1979413859538941 
0.8434905160404028 0.8273077412423085 0.21108013125865654 0.14630990334427368 0.8090103577059957 0.1622732054205328 
0.16672400876761906 0.5465209708558741 0.5041670324076093 0.5462814324568215 0.16194187605371702 0.8244844714348597 
0.1251693082270563 0.50776342013414 0.8285302134452777 0.2017987770326795 0.18910990399042166 0.8143826370310998 
0.15603435593710396 0.5076501644937029 0.5392785659915934 0.8163720522549069 0.8393908216537093 0.16654501723457338 
0.1871986943576482 0.5391765974333174 0.87188894128698 0.48386300712143415 0.5194506553092243 0.44827181739592536 
0.44325538939601333 0.522674591676522 0.843862944951052 0.7706394176262044 0.845058847984331 0.15778798010757328 
0.4580515307949613 0.1651106514618237 0.47825032305308895 0.676357340969267 0.157371540280411 0.8208760417934359 
0.854840273658319 0.5299788471268689 0.8263785985641352 0.8594524917017696 0.8327720070630057 0.19844789809277374 
0.49488392391004005 0.7686568234653093 0.5955518160512605 0.5508753115122654 0.14779844897934324 0.15142118519589365 
0.8308932650227974 0.8330909929546961 0.15905800161460976 0.38521767181649375 0.4774210256006405 0.16481728573601812 
0.14893571684195095 0.8379586925527442 0.4998756153168069 0.7633080019740467 0.5032229178460569 0.15959873051508067 
0.31733779105746573 0.17629613165748798 0.18781555458962967 0.13385680014575957 0.8426916724760456 0.4967126431183536 
0.8237097963281665 0.8383926498706284 0.835189836193369 0.49549023134682396 0.4971155990985387 0.8393441096068084 
0.5931802975652614 0.1804655271468089 0.15586421202515643 0.8388082884905171 0.8447421664554116 0.8314402240879366 
0.5313852590764044 0.5141774597270917 0.4870690555365716 0.1755808016763039 0.4922490003055297 0.8205966754267525 
0.8278922641733142 0.8198815101850607 0.15120706409306028 0.8478738123358909 0.8283290657789882 0.48518364021582977 
0.19921723847427952 0.20882909491532492 0.15254177055004592 0.5212652517538474 0.8544453522363347 0.835647288916763 
0.8129334803313952 0.8108392646663974 0.842060249505569 0.1674173678554593 0.8321819693193484 0.8234482537509163 
0.8143447223525694 0.17916351266050595 0.4972516705396777 0.6088052234104058 0.1607254223474136 0.47260678970335657 
0.17916618175845594 0.8411483534215854 0.8350398785790587 0.17466406115611116 0.8416595040001393 0.8135372499694524 
0.48578907294800927 0.5149488092530897 0.8577072392770484 0.4684030850681768 0.8234591502019046 0.4925948377498134 
0.4163571154747902 0.8305538172273494 0.4657242948202143 0.8437759701479508 0.17488221499670514 0.5030512317750798 
0.46218347481407207 0.8295720011473484 0.43156705050752386 0.5279357944650016 0.1674657667180358 0.8109286530092692 
0.4655544503445124 0.48386528699450043 0.16895133494385084 0.5406163497927596 0.16390439731875373 0.15399954012094574 
0.16825716281653497 0.5270030065277739 0.1653294044251103 0.2042417009400478 0.8323400926052238 0.8251165814816503 
0.8275216766425102 0.8495475112579736 0.46580838179456907 0.645316595047007 0.4884843508119731 0.17169795432842105 
0.5169427659640452 0.1656548311655459 0.16222015416916574 0.17418754059623065 0.8130885286039475 0.15511669057730043 
0.16330404998907655 0.7953947776298493 0.8604641531319948 0.48698510714828924 0.5392023096608467 0.812432824247965 
0.8365646655058225 0.8388744955931797 0.47916955920855464 0.35354960306052624 0.8195678532607031 0.8201405901915988 
0.840368864431168 0.851840752196932 0.8056052758136749 0.6696169207416813 0.8357648971544607 0.15818025847776707 
0.838897340427907 0.5285941468640697 0.5539004248759994 0.4533756514311596 0.4777576492423207 0.85353719047448 
0.19051626204789907 0.15708841586318945 0.15631518909187697 0.5240568869047072 0.7971894730368955 0.16722933605800577 
0.16003396037332052 0.16005441404617327 0.19944844250718546 0.1583918368159581 0.14537213356980483 0.3452603187745977 
0.5079185903753276 0.8110340751140193 0.4544740409316196 0.8449885162784971 0.45068792838690125 0.8356273056613024 
0.8367887057265255 0.4946149943614103 0.1722392158889372 0.854280080046111 0.508588843493727 0.49352142637231594 
0.839737251912139 0.8294468317446617 0.7655358790150768 0.563292813531568 0.8440556998224766 0.8233168811268063 
0.19725422794045916 0.8256868042924301 0.15063812388053527 0.8353102292483152 0.8161521898761901 0.4725041409385096 
0.7813598890554725 0.8267647497471348 0.1445904658448498 0.5556610840270808 0.1636092252656297 0.8261404437760257 
0.14535699870496888 0.23946011414138196 0.8422102766550026 0.159295222857543 0.523272076350535 0.5464263471912886 
0.1795912249517605 0.8332583489770625 0.8441032570863161 0.8139587263113776 0.8247126147196013 0.8189494435140815 
0.8544730913789944 0.5168029039276227 0.16636748004024599 0.8556074894917551 0.18482297924995383 0.8006897147522772 
0.4507144112500278 0.49670702631088703 0.13805247918820812 0.5381771621449088 0.8286949090721429 0.17271473488375583 
0.8177545201300205 0.535520044334374 0.8234161727746793 0.6572588962764329 0.4996782969144402 0.17797182247253657 
0.17475083315271767 0.16228311033038362 0.159695766697856 0.46097935988721145 0.2583497800603973 0.5404883417428175 
0.4873449832700317 0.8372195382240875 0.14440668825530945 0.53935474371388 0.5069673266102467 0.8296601838588196 
0.18105439086284075 0.8677711176498376 0.7251294177154264 0.8348353495185559 0.1515274159891209 0.17361623197193282 
0.8201224224908676 0.4885179017263386 0.6907953550405788 0.5165115578321521 0.8346343620109477 0.4870055404067461 
0.46438470178544655 0.16474255792292736 0.49909570469019826 0.21930167092971026 0.4985013502911943 0.15650040368073165 
0.45876733621696225 0.8304064712279446 0.8450462830508183 0.1744690405616826 0.5146291768559975 0.8330222801253779 
0.15842086934758337 0.8429600405675992 0.39890322943819645 0.5068943852669059 0.4689977948592713 0.8175529959682863 
0.4775015017219854 0.18020349677730202 0.5536686264364463 0.15414566496243942 0.8302073459370347 0.8320940126933376 
0.8396866806340694 0.17243502126458327 0.5190186185767852 0.15081193307352375 0.1631599633001704 0.5169340004272849 
0.8267892103170494 0.17203461001869802 0.16924410026283393 0.8541142634378021 0.477917165734367 0.17129499725915737 
0.841580630942972 0.825305638126755 0.17064899958807983 0.14105307584106258 0.4850096047034157 0.5076613613456266 
0.8515414731971327 0.8274780609368442 0.5109064646104863 0.4268312622039711 0.168743401039957 0.17613904703008088 
0.49736663395970926 0.18384083020717024 0.8447732315106001 0.15611626252961253 0.8389482535881717 0.5375210244821688 
0.466046083047834 0.15725213421428502 0.450793033476741 0.581779445238941 0.5146070171255636 0.45095719036621823 
0.4656342504950931 0.1467258455878499 0.17572595344778447 0.21570817754301874 0.17091370554865193 0.15732956698450173 
0.15982917941833463 0.8275118591234036 0.5547137108209902 0.17020664082343595 0.8224755469058636 0.4633642423581912 
0.5862408805452949 0.49652355324012115 0.8263284121387767 0.14462467880065294 0.19068234826146768 0.17531381530033713 
0.17975133587268666 0.8224124614304227 0.3926302990400316 0.542397494716466 0.8121427191119561 0.49663853602889896 
0.8159806394719249 0.8419429436809898 0.827390189021815 0.18153439042375347 0.1645933623776505 0.4668078054490718 
0.8445406632440338 0.1860780626052559 0.8531677515149085 0.4773523327577144 0.544377568732483 0.18577258921774387 
0.8299326328538877 0.8350193120238505 0.8307434073497365 0.817720692054992 0.1761823976214711 0.8488584607834051 
0.8294535430558687 0.8260063841966823 0.8295890567596098 0.16145009648213948 0.5528300337133273 0.46189651601118487 
0.8360711639998024 0.4863322940230316 0.5276748948683504 0.15290925925124288 0.4739385614448187 0.5115647973636909 
0.4141406665820938 0.8600032458051718 0.16014523007024695 0.20990369830375522 0.17304794599470918 0.835119948802755 
0.5779160233281168 0.1674089228084773 0.8434663812862653 0.4869244052511029 0.1948486656094396 0.8355372462861254 
0.8185084711847237 0.1590062528396427 0.46710654801140233 0.2647120204329856 0.8336879454250574 0.836520322864482 
0.15812745793751287 0.815494887911587 0.48013560308109865 0.841465983959476 0.17435137608521922 0.8276900336043669 
